000000000000000000000000000000000000000000000000000000000000000000000000000000000000000000000000000000000000000000000000000000000000000000000
000000000000000000000000000000000000000111011000000000000000000000000000000000000000000000000000000000000000000000000000000000000000000000000
000000000000000000000000000000000000000111111100000000000000000000000000000000000000000000000000000000000000000000000000000000000000000000000
000000000000000000000000000000000000000111111100000000000000000000000000000001100000000000000000000000000000000000000000000000000000000000000
000000000000000000000000000000000000000111111000000000000000000000000000000001111000000000000000000000000000000000000000000000000000000000000
000000000000000000000000000000000000000011111110011000000000000000000000000001111000000000000000000000000000000000000000000000000000000000000
000000000000000000000000000000000000011001111111011000000000000000000000000111111110000000000000000000000000000000000000000000000000000000000
000000000000000000000000000000000000111111111111111000000000000000000000011111111110000000000000000000000000000000000000000000000000000000000
000000000000000000000000000000000000111111111011111110000000000011100001111111111110000000000000000000000000000000000000000000000000000000000
000000000000000000000111100000000000001111111110111110000000000111101101111101111111000000000011000001100000110011000000000000000000000000000
000000000000000000001111111110000011111111111111111100000001111111011100011111111111001100111111110001100000111111100000000000000000000000000
000000000000000000111111111110000011111111111111111100000111111111111111111111111111111100111111111111100000111111111000000000000000000000000
000000000000000000111001100000111111111111111111111011011111111111111111111101111111111100111110111111110011111111111000110000000000000000000
000000000000000000111111111011111111111111110111111111011111111110111111111111111110111110111111111111110011111111111000110001100000000000000
000000000000000000011111111111111111111110111111111111111111111111111111111111111111111111111111111111110011111111111110110111100000000000000
000000000000000000111111111111111111111111111111111111111111111111110111111111111111111111111111111111110011111111101111111111110000000000000
000000000000000001111111111111111111111111111111111000011011111111111111111111111111111111111111111111111111111101111111111111110000000000000
000000000000000001111111111111111111111111110111111110111111111011111111111111111111111111111111111111111111111111111111111111111110000000000
000000000000001111111111111111011101111111111111011111111111111111101111111111111111111011111111111110111111111111101111111111111110000000000
000000000000111111111101111111111111111111111110111111111111111111111111111111111111111111011111001111111111110111111111111111111100000000000
000000000000111111111111111111111011111111111111111011111111111110111111111111111111111111111111011111111111111111111111111111111100000000000
000000000000111111111111111111111111111111111111111111111111111111111111111111111111111111111111111111111111011111111111111111111111000000000
000000000001110111111111111111111111111111111111111111111111111111111111111111111111111111011111111111110111111111111111111111111111000000000
000000000001111111111111011111111111111111111111111111111111111111111111111111111111110111111111111111111111111111111111111111111110000000000
000000000001111111111111111111111111011011111111111111111111110111111111111111110111111111111111111111111111111111111111111111111110000000000
000000000001111111110111111111110111111111111111111111011111111111111111111101111111111111111111111111111111111111011111111111111111000000000
000000001111111111111111111111111111111111111111111111111111111111111111111111011011111111111111111111111111111111111111111111111111000000000
000000001111111111111011111111111111111111111110111111111111111111111111101111111111111111111011110111111111111110111110110111111111100000000
000000011111111111111111111101111111111111111111101111110111111111111111111111111111111111111111111110111111111110111111111111111111100000000
000000011111111111111111111111111111111111111111111111111111111111101111111111111111111111111111111111111111111111111111111111111110000000000
000000011111111111111111111111111111101111111111111111101111111111111111101111111111111111111111111111011111111111111111110111111110111000000
000000111111111111111111111111111111111111111111111111111110111111111111111111111111111111111111111111111111111111111111111111111110111000000
000000111111111110111111111111111111111111111111111111111111111111101111111111111111111111111111111111111111111111111111111111111111111100000
000000111111111011011111111111111111111111111111111111111111111111111111111111111111111111111111111111111111111111111111111111011111111100000
000000001111100111111111111111110111111111111111111111011110111111111111111111111111111111111111011111111111111111111111111111111111110000000
000000000001111111111110111101111111111111111111111111111111111111111111111111111111111111111111111111111111111111111111111111111111110000000
000000000011111111111111111111111111111111111111111111111111111111111111111111011101111111111111110111111111011111111111111111111110000000000
000000000011111110110111111111111111111111011111111111111111111111111111111111111111011111111111111111111111111111111111111111111110000000000
000000001101111111111111111111111111111111111101111111111111111111111111111111111111111111111111111111111111111011111111111111111100000000000
000000001111111111111111111111111111111111111111111011111111111111111111111111111111111111111111110111111111111111111111111111111100000000000
000000111111111111111111111111111111111111111111111111101111111111111111111111111011111111111111111111111111111111111111111101111100000000000
000000111111111111111011011111111101111111111111111111111111111111111111111111111111111110111111111111111111111111111111111111111100000000000
000000011011111111111110111111111111110110111111111111111111111101111111111111111111111111111111111101100111111111111111111111111000000000000
000000000011111111111111111111111111111111111111111111111111111111111111111111011111111111111111111111111111111111111111111000011100000000000
000000000000111111111111111111111111111111111111111111111111111111111110111111111111110110111111111111111111111111111111111111111110000000000
000000000011111111101111111111101111111111111011111111111101110111111111111111111111111111111111111111111111111111111111111111101111000000000
000000000011111111111111111111111111111111111111111111111111111111111111111111011111111111111111111111111111111111111111111111101111000000000
000000000001111111011111111111111111111111111111111111011111101111111111011011111111111111111111111101111111111111111011111111111110000000000
000000000000111111101111111111111111111111111111111110111111111111111111111111111111111111111111111111111111111111111111111111111100000000000
000000000000111011111111111111111111111111111111111111111111111111111111111111111111111101101111011111111111111111111111110111111000000000000
000000000000000011011111111111111111111111111111111111111111110111111111111011111111111111111111111111111111111111111111111111111100000000000
000000000000011111011111111111111111011110111111111011111111111111111111111111111111111111111111111111111111111111111111111111111100000000000
000000000000011111111111111111111111111111111111111111111111111111111111111111111111111111111111111111111111111111111011111111111111000000000
000000000000001111111111111111111111111111111111111111111111111111111110111111111111111111111111111111111111111111111111111111111111000000000
000000000000001111111111111111111111111011111111111111111111111111111111111111111111111111111111011111111111111111111111111111111111100000000
000000000001111111111111111111111111111111111111111111111111111111111111111111110111111111111111111111111111111111111111111101111111100000000
000000000001111111111111111111111111011111111111111111111111001111101101111111111111111111111111111111111111111111111111011111111111000000000
000000000011101111111111111111111111001111011111101111111111111111111101111001111111111111111111110111111111111111111110111111111111000000000
000000011111111111111101111111111111111111111111111110111111111101111101111100110111111111111111111111111111111111111111111111101111000000000
000000011111011111111111111011111111111111111111111111111111111111111101111100000011111111101111111111111111111111111111110111111110000000000
000000001111111111111111111111111111111111111111111111111111111111110000111100000011111111111111111111111111111111111111111111111110000000000
000000001111111111111011110111111111111111111111110111111111111000110000111100000011111111011111111111111111111111111111111111101110000000000
000000001111111111111111111111111111111111011111111111111111111000110000111100000000111111011111111111111111111111111111111111101110000000000
000000011111111111111111111111111111111111111111111111111111111100000000001100000111111111111111111111111111111111111111111111110110000000000
000000011111111111111111111110111111111111111111111111111111111100000000000000000111111111111111111101111111111101111101111111111000000000000
000000001111111111111110111111111111111111111111111111111111111111000000000000000011110111111111111111111111111111111111111111111000000000000
000000011111111111111111111111111111111111111111111111111111111111000000000000001111111111111111111111111111101111111111111111110000000000000
000001111111111111111111111111111111111111011111111011111111111111000000000000001111111111111111111111111111111111110111111111100000000000000
000001111101111111111111111111111111111011011111111111111111111100000000000000001111111111111111111111011111111111111111111111100000000000000
000001111111111111111101111111111111111111111111111111110001111110000000000000001111111111111101111111111111011111111111111110110000000000000
000011111111111111111111011111111111110111111111111111111011111110000000000000001111111110111111111111111111111111111111111111111000000000000
000111111111111111111111111111111111111111111111111111111111111111000000000000000011111111111111111101111111111111101111111011111110000000000
000111111111111111101111111111111111111111111111111111111101111111000000000000000011111101111111111111111111111111111111110111111110000000000
000001111111111111111111111111111111111111111111111111101111111111011000000000000011111111101111111111111111111111111111111111011000000000000
000001111111111111111111111111111111111111111111111111111111111100011110000000000000001111111111111111011111111111111110111110011000110000000
000000011111011111101111111101111111111111111111111111111111111110011110000000000011111111111111111111111111111111111111111111111011111000000
000000011111101101111111111111111111111111111111011110111111111111011110000111000011111111111111111111111111111111011111111111111111111000000
000001111111100001111111111111111111111111111111111111111111111111111111000111110111111111111111110111111111111111111111111011011111110000000
000001111111000000001111111111111111111111111111111111111111111110111111001111111111111011110111111111111111111111111110111111111111111100000
000001111110000000011111111111111111111111111111111111111111110110011110001111111111111111111111111111111111111111111111111111111111111100000
000000000000000000011111111111111111111111111111111111111111111000111111111111111111111111111111111111111111111111111111111111111111110000000
000000000000000000000110111111111111111111111011111111111111111111111111111111111111111111111111111111111111111111111111111111111111100000000
000000000000011110011111111111111111111111111101111111111111111111111111111111111101111111111111101111111111111111111111111111111111100000000
000000000000011111011111111111111111111111111111110111111111111111111111111111111100111111111111111111111111111111111111111111111111000000000
000000000000011111110111111111111111111111111111111111111111111111111111111111011110011111111111111111111111111111111111111011111011000000000
000000000000011111111111111111111111111111111111111111111111111111111111111111111111111111111111111111111111111111111111111111111111100000000
000000000000011111111111111111111111111111111110111101111111111111111111111111111001111111111111111011011111111111111111111111111111100000000
000000000000001111111101111101111111111111111111111111111111111111111111111111111101111111111111111111111111111111111111111111111111110000000
000000000000011111111111111111111111111111111111111111111111111111101111111111111111101111111111111111110111111111111111111111110111110000000
000000000000011111111111111111101111111111011111111011111111111111111111111111111111111111111111111111111111111111111111101111111111110000000
000000000000000011111111111111111111111111111111111111111111111111111111111111111111111111111111111111111111111111111111111011111111110000000
000000000000011111101111111111111111111111110111111111111111111111111111111111111111111111111111111111011111111111111111111111111111000000000
000000000111011111111111111111011111111111111111111111111111111111011111011111111101111111111111011111111111111111111111111111111111110000000
000000011111011111111111111111110111111111111111111111111111111111111111111111111111111111111111111111111111111111111111111111111111110000000
000000011111011111111111111111111111011111110111111110111111111111111011111111111111101111111011111111011111011110111111111111111101100000000
000000011111111111011111111111111111111111111111111111111111111111111111111101111111011111111111111111111111111111111110111111111101100000000
000001111111111111111011111111111011111111111111111111111111111111111111111111111111111111110111111111111111111111111111111111110000000000000
000001111111111011111111111110111111111111111111111111111111110111011111111110111111111111111111111111111111111111111111011111100000000000000
000000011011111111111111111111111111111111111111111111111111111111111111111111111111111111111111111111111111111111111111111111111000000000000
000000011111111111111111111111111111111111111111111111111111111111111111111111111111111111111111111111111111111111111111111111111000000000000
000000001111111111111111111111111111111111111111111101111111110111111111111111111111111111111111111111111111111111011011111101101100000000000
000000001111111111111111111111111111110111111111111111111111111111111111101111111111111111111111111101111101111111111111111111111100000000000
000000000111111111111111111101111111111111111111111111111111111111111111011111011111111111111111111111111111111111111111111111111110000000000
000000000111111111111111111111110111111111111111111111111111111111111111111111111111111111111111111111101111111011110111111111111110000000000
000000000111111111111111111111111111011111111111111111111011111111111111111011111111111111111111111111111111111111111111011111111100000000000
000000000111111111111111101111111111111111111111111111111111111111111111111111111111111111111111111111111111111111111111111111001100000000000
000000110011111111111111111111111111110111111111111111111111111111111111111111111111110111111111111111111111111111111111111011011000011100000
000000111111111111111111111111111111111111111111111111111111111111111111111111111111111111111111111111111111110011111111111111111001111100000
000000111101111111111111111111111111111111111111011111101111111111111111111111111111111011111111111110111111110111111111111111111111111000000
000001111111101111111111111111111111111111111111111111111111111111111111111111111111101111111111111111011111111111111111111111111111110000000
000011111111111111111111111111111111111011111111111111111111111111111111111111111111111111011111111111111111111111111111111111111111110000000
000011111111111111111111111111111111011111111111111111111111111111111111111111111111111111111111111111111111111111111111111111111111111100000
000001111111111111111111111011111111111111111111111111111111111111111111111111111110111111111111111111111111111111111111111111111111111100000
000011111101111111111111111111111111111011111111111111111111111111111111111111111011111111111111111011111111111111111111111111111111100000000
000011111111111111111111111111111111111111111111111111111111111111111111111111111111111011111111111111111101111111111111111111110110000000000
000000111111111111111111111111111111111111111111111111111111111111111111111111110111111111111111111111111111111111111111111111110000000000000
000000111111111111111111111111111111111111110111111111111111111110111111111111111111111111111111111111111111111111111111111111111000000000000
000000111111111111111111111111111111111111111111111101111111111111111111111111111111111111111111111111111111111111111111111111111000000000000
000000011111111111111111111111111011011110111110111111111111111111111111111111111111111111111111111111111111111011111111111111110000000000000
000000011011111111111111111111111111111111111111111111111101111111111111111111111111111111111111111111111111111111111110011111111000000000000
000000000011111111111111111111111111111111111111111111110111110111111111111111101111111111110111111111110111111111111111111111111000000000000
000000000011001111111111111111111111111111011111111111111111111111111111111111111111111111111111111111111111111111111111111111100000000000000
000000000000001111111111111111111111111111111111111111111111111111111111111111111111111111101111111111111111111111110110001111100000000000000
000000000000000111111111111111111111110111111111111111111111111111111101111111101111111111111111111111111111111111111110000011000000000000000
000000000000000111111111111111111111111111111111111111111111111111111111111111111111111111111111101111111111111111111110000000000000000000000
000000000000000000110111111111111100111011111111111111111111111111111111111111111111111110111111001111100011111111111110000000000000000000000
000000000000000000110011111101111100011100011111111111111111111111110111111111111111111101111100001111100111111111100000000000000000000000000
000000000000000000001111111111111100011100000011111111111111111110111111111011111111111111111110000110000111011111000000000000000000000000000
000000000000000000001111111111111000011000000001111111111111111111111111111111111111011111101110000110000110000111000000000000000000000000000
000000000000000000000011111111111110000000001111111111111111111101111111111111111111011111001100000000000000000000000000000000000000000000000
000000000000000000000000011111111110000000001111111111111111111111111111111011111000000011001100000000000000000000000000000000000000000000000
000000000000000000000000000001111111100000000001111111111111111011111111110011111100000000000000000000000000000000000000000000000000000000000
000000000000000000000000000001111111100000000001111111111111111111111111110011011100000000000000000000000000000000000000000000000000000000000
000000000000000000000000000001111101100000000000111111011111111111111111110000011000000000000000000000000000000000000000000000000000000000000
000000000000000000000000000001111100000000000000111111101111111111110111100000000000000000000000000000000000000000000000000000000000000000000
000000000000000000000000000000011000000000000000011011101111111110110110000000000000000000000000000000000000000000000000000000000000000000000
000000000000000000000000000000000000000000000000000000000011001111110000000000000000000000000000000000000000000000000000000000000000000000000
000000000000000000000000000000000000000000000000000000000000000111000000000000000000000000000000000000000000000000000000000000000000000000000
000000000000000000000000000000000000000000000000000000000000000000000000000000000000000000000000000000000000000000000000000000000000000000000
000000000000000000000000000000000000000000000000000000000000000000000000000000000000000000000000000000000000000000000000000000000000000000000
